0 0.705000 0.588750 0.017500 0.007500
0 0.685000 0.590625 0.015000 0.006250
0 0.738750 0.565625 0.020000 0.018750
0 0.789375 0.471250 0.013750 0.007500
0 0.733750 0.114375 0.047500 0.023750
0 0.645625 0.433125 0.038750 0.013750
0 0.710000 0.570000 0.017500 0.007500
0 0.749375 0.119375 0.026250 0.016250
0 0.681875 0.438125 0.023750 0.013750
0 0.621875 0.275000 0.013750 0.017500
0 0.551250 0.052500 0.007500 0.017500
0 0.977500 0.504375 0.022500 0.018750
0 0.746250 0.596875 0.027500 0.011250
0 0.623125 0.582500 0.023750 0.010000
0 0.712500 0.598125 0.025000 0.011250
0 0.648750 0.303750 0.025000 0.040000
0 0.956250 0.487500 0.012500 0.010000
0 0.647500 0.581250 0.022500 0.007500
