0 0.885000 0.538750 0.022500 0.027500
0 0.735000 0.718125 0.010000 0.013750
0 0.705625 0.565000 0.026250 0.010000
0 0.691875 0.727500 0.011250 0.015000
0 0.581875 0.189375 0.008750 0.016250
0 0.676250 0.702500 0.022500 0.010000
0 0.762500 0.213750 0.062500 0.025000
0 0.900625 0.541250 0.026250 0.032500
0 0.758750 0.689375 0.040000 0.011250
0 0.783750 0.722500 0.010000 0.015000
0 0.809375 0.618125 0.048750 0.053750
0 0.746875 0.719375 0.011250 0.016250
0 0.771875 0.720000 0.008750 0.012500
0 0.955000 0.536250 0.032500 0.027500
0 0.933750 0.555625 0.017500 0.016250
