0 0.746250 0.793125 0.022500 0.016250
0 0.875625 0.741875 0.043750 0.026250
0 0.638750 0.634375 0.027500 0.043750
0 0.878750 0.746875 0.025000 0.016250
0 0.601250 0.878750 0.112500 0.067500
0 0.345625 0.111250 0.156250 0.222500
0 0.432500 0.269375 0.017500 0.021250
0 0.558750 0.453750 0.065000 0.130000
0 0.456875 0.205625 0.033750 0.061250
0 0.738125 0.773125 0.031250 0.018750
0 0.585000 0.848750 0.047500 0.030000
0 0.358750 0.396875 0.015000 0.023750
0 0.865625 0.711875 0.026250 0.018750
0 0.229375 0.139375 0.041250 0.031250
0 0.257500 0.166875 0.030000 0.023750
