0 0.970000 0.466875 0.060000 0.091250
0 0.900000 0.582500 0.022500 0.022500
0 0.556250 0.488125 0.030000 0.043750
0 0.129375 0.120000 0.101250 0.082500
0 0.242500 0.087500 0.050000 0.067500
0 0.100625 0.013125 0.028750 0.026250
0 0.146250 0.813750 0.030000 0.025000
0 0.464375 0.100625 0.056250 0.061250
0 0.586875 0.929375 0.038750 0.018750
0 0.781875 0.293750 0.031250 0.012500
0 0.854375 0.901250 0.038750 0.110000
0 0.811250 0.306875 0.037500 0.013750
0 0.748750 0.261250 0.075000 0.042500
0 0.506875 0.148750 0.048750 0.050000
0 0.440000 0.434375 0.085000 0.076250
0 0.781875 0.824375 0.063750 0.041250
