0 0.902500 0.110000 0.035000 0.012500
0 0.116875 0.543125 0.043750 0.053750
0 0.308750 0.428750 0.017500 0.017500
0 0.150625 0.501250 0.013750 0.015000
0 0.995000 0.131250 0.010000 0.012500
0 0.030625 0.857500 0.013750 0.022500
0 0.321875 0.506250 0.013750 0.017500
0 0.764375 0.123750 0.041250 0.017500
0 0.280625 0.352500 0.021250 0.020000
0 0.259375 0.375625 0.016250 0.013750
0 0.204375 0.593750 0.016250 0.017500
0 0.713750 0.128125 0.037500 0.018750
0 0.855625 0.111875 0.041250 0.016250
0 0.189375 0.453750 0.043750 0.050000
0 0.072500 0.602500 0.030000 0.040000
0 0.814375 0.112500 0.038750 0.015000
0 0.460625 0.224375 0.053750 0.046250
0 0.371250 0.276875 0.025000 0.018750
0 0.334375 0.317500 0.021250 0.017500
0 0.314375 0.331250 0.018750 0.015000
