0 0.900000 0.323750 0.012500 0.012500
0 0.658750 0.016250 0.012500 0.020000
0 0.838125 0.210625 0.028750 0.026250
0 0.640625 0.035000 0.018750 0.022500
0 0.683750 0.013750 0.015000 0.017500
0 0.675000 0.404375 0.015000 0.018750
0 0.680625 0.414375 0.013750 0.023750
0 0.663125 0.396250 0.008750 0.022500
0 0.606250 0.245000 0.032500 0.052500
0 0.625000 0.310000 0.020000 0.030000
0 0.686250 0.420625 0.010000 0.018750
0 0.695625 0.426250 0.011250 0.020000
0 0.617500 0.016875 0.010000 0.018750
0 0.696250 0.028750 0.012500 0.017500
0 0.629375 0.009375 0.013750 0.018750
0 0.686875 0.034375 0.011250 0.016250
0 0.814375 0.188125 0.018750 0.016250
0 0.857500 0.236875 0.022500 0.021250
0 0.640625 0.003750 0.011250 0.007500
0 0.791250 0.165625 0.027500 0.026250
0 0.711875 0.440625 0.011250 0.018750
0 0.730000 0.449375 0.010000 0.023750
0 0.978125 0.423750 0.023750 0.020000
0 0.706875 0.428125 0.006250 0.018750
0 0.701875 0.427500 0.006250 0.015000
0 0.881250 0.258125 0.015000 0.023750
0 0.664375 0.373750 0.011250 0.015000
0 0.685000 0.068125 0.012500 0.018750
0 0.925000 0.388125 0.020000 0.018750
0 0.933750 0.383125 0.022500 0.021250
0 0.868750 0.313125 0.015000 0.013750
