0 0.413125 0.303750 0.023750 0.017500
0 0.063125 0.249375 0.016250 0.011250
0 0.358750 0.289375 0.020000 0.018750
0 0.007500 0.193125 0.015000 0.016250
0 0.370000 0.274375 0.020000 0.018750
0 0.059375 0.255000 0.016250 0.012500
0 0.037500 0.228750 0.017500 0.012500
0 0.006250 0.155625 0.012500 0.013750
0 0.057500 0.176250 0.020000 0.015000
0 0.035625 0.195625 0.021250 0.016250
0 0.251250 0.220000 0.020000 0.017500
0 0.036875 0.203125 0.016250 0.013750
0 0.393750 0.321250 0.017500 0.012500
0 0.167500 0.155000 0.017500 0.017500
0 0.425625 0.329375 0.023750 0.016250
0 0.170625 0.128125 0.016250 0.013750
0 0.480000 0.339375 0.020000 0.016250
0 0.365000 0.281250 0.022500 0.017500
0 0.006875 0.179375 0.013750 0.016250
0 0.156250 0.245625 0.012500 0.008750
0 0.034375 0.233750 0.011250 0.007500
0 0.300625 0.227500 0.018750 0.012500
0 0.218750 0.165000 0.020000 0.022500
0 0.197500 0.346250 0.027500 0.017500
0 0.211250 0.178750 0.015000 0.015000
0 0.292500 0.213125 0.015000 0.016250
0 0.271875 0.249375 0.018750 0.018750
0 0.507500 0.348125 0.027500 0.011250
0 0.310000 0.254375 0.022500 0.018750
0 0.522500 0.364375 0.022500 0.008750
0 0.009375 0.208125 0.016250 0.018750
0 0.260625 0.216250 0.021250 0.017500
0 0.153750 0.140625 0.017500 0.018750
0 0.201250 0.187500 0.020000 0.022500
0 0.191250 0.191875 0.010000 0.018750
