0 0.813125 0.249375 0.016250 0.011250
0 0.698750 0.186250 0.022500 0.022500
0 0.756250 0.193125 0.017500 0.016250
0 0.809375 0.255000 0.016250 0.012500
0 0.787500 0.228750 0.017500 0.012500
0 0.753750 0.155625 0.017500 0.013750
0 0.807500 0.176250 0.020000 0.015000
0 0.785625 0.195625 0.021250 0.016250
0 0.995625 0.217500 0.008750 0.012500
0 0.786875 0.203125 0.016250 0.013750
0 0.708750 0.156875 0.020000 0.011250
0 0.729375 0.177500 0.021250 0.015000
0 0.917500 0.155000 0.017500 0.017500
0 0.920625 0.128125 0.016250 0.013750
0 0.755625 0.179375 0.016250 0.016250
0 0.906250 0.245625 0.012500 0.008750
0 0.784375 0.233750 0.011250 0.007500
0 0.968750 0.165000 0.020000 0.022500
0 0.947500 0.346250 0.027500 0.017500
0 0.961250 0.178750 0.015000 0.015000
0 0.712500 0.201875 0.007500 0.021250
0 0.618125 0.071250 0.016250 0.030000
0 0.720625 0.210000 0.008750 0.020000
0 0.720625 0.145625 0.026250 0.018750
0 0.759375 0.208125 0.016250 0.018750
0 0.591875 0.011875 0.018750 0.023750
0 0.680000 0.179375 0.010000 0.016250
0 0.903125 0.140000 0.018750 0.017500
0 0.950625 0.187500 0.021250 0.022500
0 0.941875 0.191875 0.008750 0.018750
