0 0.040000 0.787500 0.080000 0.037500
0 0.031875 0.535625 0.043750 0.041250
0 0.682500 0.790000 0.042500 0.090000
0 0.131250 0.391250 0.040000 0.070000
0 0.931250 0.045625 0.035000 0.028750
0 0.386875 0.971875 0.046250 0.056250
0 0.761250 0.735000 0.100000 0.027500
0 0.316875 0.679375 0.086250 0.078750
0 0.170000 0.135625 0.027500 0.048750
0 0.328125 0.096250 0.038750 0.040000
0 0.960000 0.343125 0.035000 0.018750
0 0.981875 0.160000 0.036250 0.022500
0 0.670625 0.563750 0.043750 0.052500
0 0.503125 0.467500 0.053750 0.085000
0 0.088125 0.335625 0.033750 0.018750
0 0.751875 0.311875 0.013750 0.043750
0 0.371875 0.333750 0.058750 0.025000
0 0.625625 0.010625 0.033750 0.021250
0 0.780625 0.164375 0.018750 0.046250
0 0.797500 0.161875 0.017500 0.021250
