0 0.699375 0.892500 0.018750 0.045000
0 0.619375 0.758125 0.013750 0.033750
0 0.920000 0.885625 0.027500 0.048750
0 0.455625 0.677500 0.058750 0.037500
0 0.851250 0.450000 0.032500 0.042500
0 0.552500 0.021875 0.015000 0.016250
0 0.945000 0.727500 0.022500 0.022500
0 0.601875 0.034375 0.016250 0.016250
0 0.366875 0.011250 0.026250 0.020000
0 0.539375 0.863750 0.031250 0.050000
0 0.830625 0.664375 0.028750 0.043750
0 0.616875 0.555000 0.043750 0.037500
0 0.758125 0.505000 0.036250 0.030000
0 0.473125 0.047500 0.021250 0.017500
0 0.512500 0.016250 0.020000 0.017500
0 0.603750 0.003750 0.015000 0.007500
